0 0 0 0 250 250 17 17 20 20 17 18 19 16
0 0 0 0 250 250 12 13 60 60 17 15 12 14
0 0 0 0 250 250 16 20 18 19 19 18 16 19
0 0 0 0 250 250 18 17 18 16 15 18 19 20
0 0 0 0 0 0 400 400 400 400 400 400 400 400
0 0 0 0 0 0 400 400 400 400 400 400 400 400
0 0 0 0 0 0 0 0 0 0 0 0 0 0
0 0 0 0 0 0 0 0 0 0 0 0 0 0
0 0 0 0 0 0 0 0 0 0 0 0 0 0
0 0 0 0 0 0 0 0 0 0 0 0 0 0
0 0 0 0 0 0 0 0 0 0 0 0 0 0
0 0 0 0 0 0 0 0 0 0 0 0 0 0
0 0 0 0 0 0 0 0 0 0 0 0 0 0
0 0 0 0 0 0 0 0 0 0 0 0 0 0
0.00 0.00 0.00 0.00 2.50 2.50 13.39 15.98 18.48 11.67 15.61 13.83 12.77 14.09
0.00 0.00 0.00 0.00 2.50 2.50 12.70 13.60 1.50 1.50 13.80 14.50 13.80 16.00
0.00 0.00 0.00 0.00 2.50 2.50 16.99 11.36 16.71 10.88 13.21 12.59 11.74 19.91
0.00 0.00 0.00 0.00 2.50 2.50 10.09 12.51 12.64 14.97 14.95 18.51 10.65 19.83
0.00 0.00 0.00 0.00 0.00 0.00 5.84 5.06 5.08 7.93 6.59 5.11 5.54 7.08
0.00 0.00 0.00 0.00 0.00 0.00 6.39 6.69 7.28 7.38 7.42 5.86 6.81 7.87
0.00 0.00 0.00 0.00 0.00 0.00 0.00 0.00 0.00 0.00 0.00 0.00 0.00 0.00
0.00 0.00 0.00 0.00 0.00 0.00 0.00 0.00 0.00 0.00 0.00 0.00 0.00 0.00
0.00 0.00 0.00 0.00 0.00 0.00 0.00 0.00 0.00 0.00 0.00 0.00 0.00 0.00
0.00 0.00 0.00 0.00 0.00 0.00 0.00 0.00 0.00 0.00 0.00 0.00 0.00 0.00
0.00 0.00 0.00 0.00 0.00 0.00 0.00 0.00 0.00 0.00 0.00 0.00 0.00 0.00
0.00 0.00 0.00 0.00 0.00 0.00 0.00 0.00 0.00 0.00 0.00 0.00 0.00 0.00
0.00 0.00 0.00 0.00 0.00 0.00 0.00 0.00 0.00 0.00 0.00 0.00 0.00 0.00
0.00 0.00 0.00 0.00 0.00 0.00 0.00 0.00 0.00 0.00 0.00 0.00 0.00 0.00
